000820090500000000308040007100000040006402503000090010093004000004035200000700900
010020300004005060070000008006900070000100002030048000500006040000800106008000000
010020300002003040050000006004700050000100003070068000300004090000600104006000000
010020300002003040080000006004700030000600008070098000300004090000800104006000000
010020300002003040050000006004200050000100007020087000300004080000600105006000000
010020300002003040050000006004700050000100008070098000300004090000900804006000000
010020300004003020050000006002700050000100008070098000300007090000600102007000000
010020300002003040050000006004700050000100008070038000300005090000600104006000000
010020300004001050060000007005400060000100002080092000300005090000700106007000000
010020300003004050060000007005800060000100009080092000400005090000700106007000000
010020300004003050050000006005700040000100002070082000300005090000600105006000000
010020300002003040050000006004700050000100008070068000300004060000500104009000000
010020300002003040050000006004700050000100008070095000300004090000900104006000000
010020300004005060070000008006300070000100002030092000900006040000800106008000000
080070100003002090060000004009500060000700005020041000100005020000200901004000000
010020300002003040040000006004700050000600008070098000300005080000800104009000000
020010700003008060010000003008600050000900004030021000400009080000500901007000000
010020300003004050060000007005800060000100002080072000400005090000700104007000000
010020300002003040050000006007800050000100004080094000300007090000400105006000000
010020300004003020050000006007600050000100002060072000300008070000900108009000000
010020300004003050060000007005800060000900001080012000300005010000700506002000000
010020300004003050020000006005700020000100008070098000300005090000900205006000000
010020300004003020050000006007800050000100002080042000300007040000600807006000000
070050800005008020010000009008100050000200001090034000900002030000600107006000000
010020300004005060070000004006800070000900002050017000400006050000400906008000000
010020300004005060070000008006900080000100002090032000200006030000800105008000000
010020300002003040050000006004700050000100008070098000200004090000600704006000000
010020300002003040050000006004700050000100008070068000300004090000800104006000000
010020300004001050060000007005800070000900002080014000300005010000700905007000000
010020300004003020050000006002700050000800009070019000300002010000600805006000000
010020300003004050060000007008900070000100002090082000200005080000700105007000000
010020300004003050020000006007800040000100005080095000300007090000600107006000000
010020300002003040050000006004700080000100003070068000300004090000600104006000000
090020500004005010060000003001800060000900002080072000500001070000300901003000000
010020300004001050060000007005800060000100003080092000300005090000700102007000000
010020300002003040050000006004700050000100008020098000700004090000600104006000000
010020300003004050060000004005700060000100002070032000400005080000900105009000000
010020300004003050060000007005800040000100002080092000600005090000700105002000000
010020300004003050060000007005100060000800002080092000300006090000700205007000000
010020300004005060070000008006900030000100002090042000500006040000800106008000000
010020300004003050060000007005200060000100008020048000300005090000700205009000000
070040800009005060060000003004100070000200006020034000100008090000600401007000000
010020300004003050060000007005200040000800001020091000300005090000700805007000000
010020300004001050060000007005200060000800009020019000300005010000700805007000000
010020300004001050060000007005800060000900002080014000300005010000700905007000000
010020300004003050060000007005800060000100002070092000400005090000700105007000000
010020300004005060050000004006700040000100002070082000300006080000900106009000000
010020300004003050020000006005700080000100002070098000800005090000600105006000000
010020300004003050060000007005800040000100008080092000300005090000700605007000000
010020300004005060070000008006900040000100002090032000500006030000800906008000000
010020300004003050060000007005800060000100002070092000300005090000700105007000000
010020300002003040050000006004700050000600008070098000300004090000800104006000000
010020300004003050060000007005800060000100009080042000300005040000700908001000000
070060900006002030020000006003100040000200008050034000900003020000700105008000000
010020300004003050060000001005700060000800002070012000400005090000400805007000000
800000000003600000070090200050007000000045700000100030001000068008500010090000400
003020600900305001001806400008102900700000008006708200002609500800203009005010300
200080300060070084030500209000105408000000000402706000301007040720040060004010003
000000907000420180000705026100904000050000040000507009920108000034059000507000000
030050040008010500460000012070502080000603000040109030250000098001020600080060020
020810740700003100090002805009040087400208003160030200302700060005600008076051090
100920000524010000000000070050008102000000000402700090060000000000030945000071006
043080250600000000000001094900004070000608000010200003820500000000000005034090710
480006902002008001900370060840010200003704100001060049020085007700900600609200018
000900002050123400030000160908000000070000090000000205091000050007439020400007000
001900003900700160030005007050000009004302600200000070600100030042007006500006800
000125400008400000420800000030000095060902010510000060000003049000007200001298000
062340750100005600570000040000094800400000006005830000030000091006400007059083260
300000000005009000200504000020000700160000058704310600000890100000067080000005437
630000000000500008005674000000020000003401020000000345000007004080300902947100080
000020040008035000000070602031046970200000000000501203049000730000000010800004000
361025900080960010400000057008000471000603000259000800740000005020018060005470329
050807020600010090702540006070020301504000908103080070900076205060090003080103040
080005000000003457000070809060400903007010500408007020901020000842300000000100080
003502900000040000106000305900251008070408030800763001308000104000020000005104800
000000000009805100051907420290401065000000000140508093026709580005103600000000000
020030090000907000900208005004806500607000208003102900800605007000309000030020050
005000006070009020000500107804150000000803000000092805907006000030400010200000600
040000050001943600009000300600050002103000506800020007005000200002436700030000040
004000000000030002390700080400009001209801307600200008010008053900040000000000800
360020089000361000000000000803000602400603007607000108000000000000418000970030014
500400060009000800640020000000001008208000501700500000000090084003000600060003002
007256400400000005010030060000508000008060200000107000030070090200000004006312700
000000000079050180800000007007306800450708096003502700700000005016030420000000000
030000080009000500007509200700105008020090030900402001004207100002000800070000090
200170603050000100000006079000040700000801000009050000310400000005000060906037002
000000080800701040040020030374000900000030000005000321010060050050802006080000000
000000085000210009960080100500800016000000000890006007009070052300054000480000000
608070502050608070002000300500090006040302050800050003005000200010704090409060701
050010040107000602000905000208030501040070020901080406000401000304000709020060010
053000790009753400100000002090080010000907000080030070500000003007641200061000940
006080300049070250000405000600317004007000800100826009000702000075040190003090600
005080700700204005320000084060105040008000500070803010450000091600508007003010600
000900800128006400070800060800430007500000009600079008090004010003600284001007000
000080000270000054095000810009806400020403060006905100017000620460000038000090000
000602000400050001085010620038206710000000000019407350026040530900020007000809000
000900002050123400030000160908000000070000090000000205091000050007439020400007000
380000000000400785009020300060090000800302009000040070001070500495006000000000092
000158000002060800030000040027030510000000000046080790050000080004070100000325000
010500200900001000002008030500030007008000500600080004040100700000700006003004050
080000040000469000400000007005904600070608030008502100900000005000781000060000010
904200007010000000000706500000800090020904060040002000001607000000000030300005702
000700800006000031040002000024070000010030080000060290000800070860000500002006000
001007090590080001030000080000005800050060020004100000080000030100020079020700400
000003017015009008060000000100007000009000200000500004000000020500600340340200000
300200000000107000706030500070009080900020004010800050009040301000702000000008006